|CENTER:BGCOLOR(#d0d8e0):曲名|CENTER:BGCOLOR(#d04102):COLOR(#fff):''かん&br;たん''|CENTER:BGCOLOR(#83ae5a):COLOR(#fff):''ふつう''|CENTER:BGCOLOR(#167d7e):COLOR(#fff):''むずか&br;しい''|CENTER:BGCOLOR(#b04c5a):COLOR(#fff):''おに''|
|マツケンサンバ|123|183|282|385|
|花|130|176|281|418|
|さくらんぼ|114|143|203|303|
|ロコローション|162|247|293|561|
|上海ハニー|131|198|283|303|
|夏祭り|135|172|389|488|
|ツバサ|120|165|281|447|
|NO MORE CRY|120|158|235|408|
|未来の地図|100|137|220|299|
|青いベンチ|83|116|187|230|
|アジアの純真!!|123|143|212|370|
|恋のフーガ|105|128|234|294|
|勝手にしやがれ|69|98|224|270|
|プレイバックPart2|106|190|295|349|
|天体観測|132|189|262|405|
|リンダリンダ|145|264|291|377|
|TRAIN-TRAIN|237|358|439|529|
|硝子の少年|107|147|288|411|
|前略、道の上より|174|242|518|650|
|LOVEマシーン|136|180|270|302|
|ChooChooTRAIN|143|230|371|545|
|もらい泣き|103|133|241|334|
|初恋列車|83|110|189|249|
|最初から今まで|67|102|137|160|
|ミッキーマウス・マーチ|132|213|282|496|
|笑点のテーマ|94|138|203|265|
|TRUTH|174|250|346|410|
|暴れん坊将軍|59|85|159|223|
| ドラゴンクエスト次．瓮疋譟 |179|242|397|441|
| ドラゴンクエスト次―曲 |78|130|152|193|
| DADDY MULK |221|323|656|777|
| Toxic |103|185|287|287|
| フニクリ・フニクラ |127|202|300|395|
| 「天国と地獄」序曲 |169|262|370|489|
| ウィリアム・テル序曲 |140|276|433|437|
| ハンガリー舞曲第5番 |193|270|360|401|
| 「カルメン」組曲一番終曲 |147|262|388|518|
| ドルアーガの塔メドレー |212|269|607|682|
| ROTTERDAM NATION(FOO MIX) |173|284|513|680|
| Ridge Racer |238|331|733|733|
| バーニングフォースメドレー |184|275|504|748|
| ドラゴンスピリットメドレー |197|368|671|671|
| ソウルキャリバー |144|181|322|471|
| KAGEKIYO |244|412|616|765|
| 恋文2000 |300|400|666|777|
| よくでる2000 |232|292|483|657|
| ケチャドン2000 |189|230|437|503|
| さいたま2000 |252|366|489|570|
| メカデス。 |127|270|392|483|
| 画竜点睛 |153|294|471|608|
| 風雲！バチお先生 |182|245|476|476|
| ゴーゴー・キッチン |245|374|558|558|
| ラブリーX |208|402|483|489|
| スクロール・ミカ |201|414|618|765|
| ダイエット・パダライス |100|145|318|448|
| ポジティブ！ |164|219|428|508|
| THE IDOLM@STER |158|225|395|498|
| もりのくまさん |97|107|197|197|
| いぬのおまわりさん |98|137|220|328|
| 手のひらを太陽に |110|129|203|431|
| ドラえもんのうた |85|131|218|300|
| アンパンマンのマーチ |93|191|390|400|
| サザエさん一家 |69|117|249|305|
| タッチ |127|174|289|357|
| ルパン三世のテーマ'78 |106|161|304|324|
| 愛をとりもどせ！！ |103|178|188|358|
| ラムのラブソング |124|192|274|405|
| GALAXY EXPRESS 999 |166|210|326|539|
| 僕たちの行方 |81|121|206|361|
| 月光花 |81|105|170|288|
| あじゃぱー |103|126|183|243|
| ハム太郎とっとこうた　〜ノリノリでちゅ〜 |82|141|246|421|
| アララの呪文 |124|206|271|476|
| 見えない翼 |107|154|263|390|
| ココロのちず |119|183|273|305|
| 星のかがやきよ |103|138|211|360|
| ムリムリ!?ありあり!!INじゃぁな〜い?! |113|155|272|445|
| DANZEN! ふたりはプリキュア Ver.Max Heart |97|143|205|314|
| 魔法戦隊マジレンジャー |77|149|222|359|
