|CENTER:BGCOLOR(#d0d8e0):曲名|CENTER:BGCOLOR(#d04102):COLOR(#fff):''かんたん''|CENTER:BGCOLOR(#83ae5a):COLOR(#fff):''ふつう''|CENTER:BGCOLOR(#167d7e):COLOR(#fff):''むずかしい''|CENTER:BGCOLOR(#b04c5a):COLOR(#fff):''おに''|
| POP STAR |100|138|276|476|
| 超特急 |85|130|256|410|
| GLAMOROUS SKY |174|216|503|667|
| さくら |100|146|296|380|
| Butterfly |102|160|373|435|
| ジョバイロ |115|157|324|547|
| カルマ |141|211|450|701|
| 僕のキモチ|105|139|296|439|
| さくらんぼ |114|143|203|303|
| NO MORE CRY |120|158|235|408|
| ロコローション |162|247|293|561|
| 花 |130|176|281|418|
| 涙そうそう|54|76|118|162|
| 天体観測 |127|173|268|406|
| 夏祭り |135|172|389|488|
| 地上の星 |63|94|178|299|
| ロビンソン |98|120|262|441|
| 紅 |165|223|727|999|
| TRAIN-TRAIN |237|358|439|529|
| リンダリンダ |145|264|291|377|
| 前略、道の上より |174|242|518|650|
| モンキー・マジック |95|135|216|375|
| ルージュの伝言 |86|104|234|449|
| スーパーマリオブラザーズ |131|175|442|589|
| ゼルダの伝説のテーマ |55|87|241|425|
| スライムもりもり ドラゴンクエスト2 |124|185|460|543|
| ドラゴンクエスト次―曲 |78|130|152|193|
| SPARKING　鉄拳5 |134|174|309|483|
| ソウルキャリバー |144|181|322|471|
| 魔法をかけて！ |153|200|390|527|
| THE IDOLM@STER |158|225|395|555|
| ポジティブ！ |164|219|428|562|
| CAPTAIN NEO |198|279|491|678|
| 影の伝説 |141|149|374|551|
| DADDY MULK |221|323|656|777|
| KAGEKIYO |244|412|616|765|
| ドラゴンスピリットメドレー |197|368|671|671|
| 画竜点睛 |153|294|471|608 |
| 真・画竜点睛 |169|227|376|585|
| Rare Hero |250|399|573|765|
| クレーンシティ |183|303|519|594|
| L・O・V・E |195|315|464|593|
| 大打音|198|282|460|620|
| タベルナ2000 |227|358|640|821|
| よくでる2000 |232|292|483|657|
| さいたま2000 |252|366|489|570|
| 恋文2000 |300|400|666|777|
| ラ・モレーナ・クモナイ |180|267|459|613|
| もじぴったんメドレー |201|261|338|487|
| ワンダーモモーイ |196|283|436|550|
| 響け！太鼓の達人 |134|166|274|567|
| トッカータとフーガとロック |174|326|624|804|
| 白鳥の湖　〜still a duckling〜 |144|243|406|609|
| ウィリアム・テル序曲 |140|276|433|437|
| 天国と地獄　序曲 |169|262|370|489|
| カルメン組曲一番終曲 |147|262|388|518|
| 行進曲「くるみ割り人形」から |102|183|328|373|
| アイネクライネナハトムジーク |122|169|349|486|
| エンターテイナー |124|164|341|471|
| ロシア民謡メドレー |122|169|332|468|
| いぬのおまわりさん |82|104|220|328|
| もりのくまさん |97|107|197|197|
| 線路は続くよどこまでも |99|128|344|456|
| ミッキーマウス・マーチ |132|213|282|496|
| ヤングマン(Y.M.C.A.) |66|115|219|273|
| PECORI&#9829;NIGHT |115|190|295|407|
| 恋のマイアヒ |101|146|251|368|
| マツケンサンバ |123|183|282|385|
| 吉宗評判記　暴れん坊将軍BGM |59|85|159|223|
| 渡る世間は鬼ばかり テーマ |108|151|279|414|
| ルパン三世のテーマ'78 |106|161|304|324|
| タッチ |127|174|289|356|
| 愛をとりもどせ!! |103|178|188|358|
| ワイワイワールド |87|136|249|336|
| CHA-LA HEAD-CHA-LA |90|135|246|320|
| 一輪の花 |89|117|281|446|
| 波風サテライト |101|138|194|285|
| ココロのちず|119|183|273|306|
| Here I Am |94|115|305|355|
| ハッピー★マテリアル |161|226|336|544|
| Growing of my heart |77|100|256|379|
| 君にジュースを買ってあげる&#9829; |64|115|275|464|
| ハム太郎とっとこうた |94|150|296|401|
| ハグしちゃお |49|75|184|333|
| ドラえもんのうた |85|131|218|300|
| にんげんっていいな |60|102|212|267|
| アンパンマンのマーチ |93|191|390|400|
| オトメロディー |1人85、2人88|1人110、2人114|308|496|
| ウルトラマンマックス |40|74|160|277|
| まかせて★スプラッシュ☆スター★ |53|85|257|411|
