|曲名|かんたん|ふつう|むずかしい|おに|
| ドラゴンスピリットメドレー |197|368|671|671|
| ドルアーガの塔メドレー |212|269|607|682|
| もじぴったんメドレー |201|261|338|487|
| KAGEKIYO |244|412|616|765|
| 大打音 |198|282|460|620|
| ワンダーモモーイ |196|283|436|550|
| 真・画竜点睛 |169|227|376|585|
| 月下美人 |164|287|483|832|
| サタデー太鼓フィーバー |100|169|333|437|
| メカデス。 |127|270|392|483|
| 風雲！バチお先生 |182|245|476|476|
| 軽いざわめき |105|172|408|551|
| 卓球de脱臼 |165|259|461|621|
| ケチャドン2000 |189|230|437|502|
| さいたま2000 |252|366|489|570|
| きたさいたま2000 |222|305|615|802|
| 恋文2000 |300|400|666|777|
| タベルナ2000 |227|358|640|821|
| 十露盤2000 |241|309|585|765|
| サーフサイド・サティ |193|264|542|781|
| オーソレミオ（私の太陽） |80|100|279|381|
| 白鳥の湖　〜still a duckling〜 |144|243|406|609|
| トッカータとフーガとロック |174|326|624|804|
| ロシアの踊り「トレパーク」 |92|135|342|385|
| カルメン組曲一番終曲 |147|262|388|518|
| 天国と地獄　序曲 |169|262|370|489|
| 行進曲「くるみ割り人形」から |102|183|328|373|
| 双頭の鷲の下に |134|191|349|501|
| 恋のPecori&#9825;Lesson |97|130|257|496|
| マツケンサンバ |123|183|282|385|
| ミッキーマウス・マーチ |132|213|282|496|
| やわらか戦車 |148|193|344|488|
| TAKIO'S SOHRAN 2 |169|270|446|567|
| ちきゅうはたまごっち？！ |66|91|138|236|
| さくら（春） |86|158|276|364|
| めだかの兄妹 |78|132|206|319|
| もりのくまさん |97|107|197|197|
| いぬのおまわりさん |82|104|220|328|
| アンパンマンのマーチ |93|191|390|400|
| ドラえもんのうた |85|131|218|300|
| ハグしちゃお |49|75|184|333|
| にんげんっていいな |60|102|212|267|
| サザエさん一家 |69|117|249|305|
| ハム太郎とっとこうた |94|150|296|401|
| ユルユルでDE-O! |60|87|161|345|
| コイ&#9829;クル |71|113|218|510|
| 今が大好き |59|89|161|308|
| 「笑うが勝ち！」でGO! |67|102|252|371|
| まかせて★スプラッシュ☆スター★ |53|85|257|411|
| スパート！ |70|105|256|418|
| Your World |112|208|364|486|
| 轟轟戦隊ボウケンジャー |88|127|345|443|
| NEXT LEVEL |62|94|229|330|
| ハレ晴レユカイ |87|130|223|366|
| 残酷な天使のテーゼ |103|125|267|345|
| タッチ |127|174|289|356|
| CHA-LA HEAD-CHA-LA |90|135|246|320|
| BRAND NEW WORLD |117|201|278|367|
| Dang Dang |107|169|280|403|
| Re:member |108|153|282|536|
| TONIGHT,TONIGHT,TONIGHT |94|145|343|504|
| 抱いてセニョリータ |91|107|211|371|
| タイヨウのうた |68|101|153|212|
| 魔法のコトバ |67|92|199|340|
| Real voice |101|158|256|396|
| 決意の朝に |101|156|271|367|
| A Perfect Sky |71|143|217|253|
| バイマイメロディー |111|153|269|428|
| Precious |66|100|170|234|
| 純情〜スンジョン〜 |124|176|377|516|
| 恋のつぼみ |70|95|205|285|
| Butterfly |102|160|373|435|
| チャンピオーネ |138|199|361|544|
| 花 |130|176|281|418|
| 気分上々↑↑ |130|173|368|620|
| 桜 |109|158|282|375|
| フレンジャー |87|136|234|419|
| さくらんぼ |114|143|203|303|
| 超特急 |85|130|256|410|
| NO MORE CRY |120|158|235|408|
| 涙そうそう |54|76|118|162|
| 天体観測 |127|173|268|406|
| TRAIN-TRAIN |237|358|439|529|
| 愛は勝つ |139|202|302|392|
| 夏祭り |135|172|389|488|
| 前略、道の上より |174|242|518|650|
| 紅 |165|223|727|999|
| モンキー・マジック |95|135|216|375|
| マッピーメドレー |170|249|417|628|
| スーパーマリオブラザーズ |131|175|442|589|
| ゼルダの伝説のテーマ |55|87|241|425|
| MAGICAL SOUND SHOWER |120|223|424|684|
| URBAN TRAIL |101|218|314|659|
| DADDY MULK |221|323|656|777|
| THE IDOLM@STER |158|225|395|555|
| GO MY WAY!! |154|245|387|519|
| 魔法をかけて！ |153|200|390|527|
| ソウルキャリバー |114|181|322|471|
| ソウルキャリバー |145|234|396|489|
| ドラゴンセイバー |232|304|561|777|
